2.120786667832969215e+03 1.049474287771382478e+03
1.689677040103869558e+03 9.902326515522812542e+02
4.197027080946976980e+02 6.165398614048442596e+02
5.847430910489970302e+02 6.925545442025130569e+02
8.879164250676612937e+02 1.327424985563008704e+03
8.578267939624103064e+02 5.244531978245531718e+02
2.034023920482409039e+03 5.528215558545056183e+02
8.586350856991221008e+02 1.535361450240438899e+03
9.868281936860186079e+02 5.771666220555606515e+02
3.707973679665643090e+02 1.411100706947278695e+03
4.792265200172053596e+02 5.221951869025835435e+01
8.570441858079361737e+02 3.070855592872912894e+03
2.116822833739269299e+03 2.518097171213953970e+03
2.896791220767401683e+03 2.854254681410606736e+03
1.967241937066295122e+03 1.974628788574045757e+03
1.502370342849488907e+03 1.406960709274033434e+03
1.309530956343144680e+03 3.001295419558007779e+03
1.763960603830885702e+03 1.798273287617317692e+03
2.970659968150837358e+03 2.728891612161231933e+03
2.458498602363385430e+02 3.480333681354339888e+02
2.314043290534045809e+03 1.769875652833358117e+03
7.435357185703945788e+02 2.703353983854311082e+03
2.312693687986486111e+03 2.344743639498961329e+03
4.945548691898125071e+01 3.536652079173159109e+02
1.344328931912455346e+03 2.472628838099744826e+03
2.954392582436231805e+03 7.530601001732937902e+02
9.644762022120563643e+02 1.685337957891924361e+03
1.577364540388678506e+03 2.316663195093694412e+03
2.076158292496493686e+03 1.199953352497237347e+03
1.257924051515778388e+02 4.851531411625068699e+02
2.822134249394300696e+03 2.881788030572292882e+03
1.359985642690886380e+03 6.301242201558664391e+01
7.492179339187714504e+02 2.072254790401575519e+03
1.374662733695632824e+03 2.700107726575227389e+03
2.327683200166907227e+03 9.734783451263521101e+02
2.650313043899249351e+03 3.000116484683342151e+03
