1.049474287771382478e+03
9.902326515522812542e+02
6.165398614048442596e+02
6.925545442025130569e+02
1.327424985563008704e+03
5.244531978245531718e+02
5.528215558545056183e+02
1.535361450240438899e+03
5.771666220555606515e+02
1.411100706947278695e+03
5.221951869025835435e+01
3.070855592872912894e+03
2.518097171213953970e+03
2.854254681410606736e+03
1.974628788574045757e+03
1.406960709274033434e+03
3.001295419558007779e+03
1.798273287617317692e+03
2.728891612161231933e+03
3.480333681354339888e+02
1.769875652833358117e+03
2.703353983854311082e+03
2.344743639498961329e+03
3.536652079173159109e+02
2.472628838099744826e+03
7.530601001732937902e+02
1.685337957891924361e+03
2.316663195093694412e+03
1.199953352497237347e+03
4.851531411625068699e+02
2.881788030572292882e+03
6.301242201558664391e+01
2.072254790401575519e+03
2.700107726575227389e+03
9.734783451263521101e+02
3.000116484683342151e+03
