2.120786667832969215e+03
1.689677040103869558e+03
4.197027080946976980e+02
5.847430910489970302e+02
8.879164250676612937e+02
8.578267939624103064e+02
2.034023920482409039e+03
8.586350856991221008e+02
9.868281936860186079e+02
3.707973679665643090e+02
4.792265200172053596e+02
8.570441858079361737e+02
2.116822833739269299e+03
2.896791220767401683e+03
1.967241937066295122e+03
1.502370342849488907e+03
1.309530956343144680e+03
1.763960603830885702e+03
2.970659968150837358e+03
2.458498602363385430e+02
2.314043290534045809e+03
7.435357185703945788e+02
2.312693687986486111e+03
4.945548691898125071e+01
1.344328931912455346e+03
2.954392582436231805e+03
9.644762022120563643e+02
1.577364540388678506e+03
2.076158292496493686e+03
1.257924051515778388e+02
2.822134249394300696e+03
1.359985642690886380e+03
7.492179339187714504e+02
1.374662733695632824e+03
2.327683200166907227e+03
2.650313043899249351e+03
