2.122599170788347237e+03 1.346637069529155497e+03
1.903435731041737654e+03 2.958087867603520408e+03
1.040067901249391070e+03 1.522109812615661610e+02
1.140323234421282677e+03 9.703233817564429273e+02
2.161118530057255157e+03 1.153528701131005391e+03
7.492592503424486949e+02 1.004831056738703296e+03
6.423100285788494830e+02 6.333266701304788739e+02
2.284665944601193587e+03 1.629593014923702185e+03
2.528574977018269237e+03 1.382277850513216890e+03
2.410940136607678141e+03 1.850834641578344872e+03
1.043513656682919418e+03 3.014866581418194983e+03
3.037039631873287817e+03 7.301419603326590959e+02
9.716022698170413605e+02 1.428141623358639436e+03
2.437567895166169365e+03 6.595090337205734841e+02
2.802127787307904327e+03 2.932157650466042924e+03
8.989358949395798390e+02 2.296254510277473855e+03
1.761202699470974039e+03 9.575364072996421783e+02
1.057922229094911700e+03 4.187188471541367107e+02
2.480799087511456094e+02 1.986860999705643508e+03
2.079495749295636415e+03 1.751233227467197139e+03
1.735440840469286059e+03 1.399909699465303220e+03
1.413136296584307047e+03 2.321052043027052605e+03
1.077006290128360888e+03 3.404553718148823691e+02
7.034044419651941098e+02 2.063257780926404848e+03
1.940118246109244637e+03 1.231280664373141690e+03
1.269474928661293234e+03 1.479365102429163016e+03
1.870092458734768570e+03 1.342138925935189718e+03
