1.510576427590304093e+03
2.449553676774732594e+03
3.990437190372711598e+02
1.691562605298240896e+03
2.716285786156023732e+03
3.667355624797273208e+02
2.659870613711041642e+03
7.222557396660062068e+02
5.677990034682794658e+02
3.147092007469464988e+03
2.543733656771076312e+03
3.048063145230220243e+02
2.987599337805783762e+03
1.167504850876419368e+03
2.007679156695321808e+03
1.605920236685773034e+03
1.115622504816352148e+03
1.087076638803332116e+03
6.712523215336285602e+02
3.582174289304796275e+02
2.111058169374987301e+03
2.966522367287412180e+03
1.304134951238618441e+03
1.520025282734123039e+03
3.384925022589702053e+02
2.779137538975588768e+02
2.154365756840816175e+03
