1.799968472536099853e+03
7.325200453448194367e+02
1.176054031430116765e+03
2.242978483166029037e+03
2.994565328841185419e+03
9.259751872567923101e+02
1.717350409241936404e+03
1.549488854848180154e+03
2.482930367262415530e+03
3.030744973300315451e+03
1.066914468557832151e+03
2.870375435676018242e+03
2.146492045547539874e+03
1.293467397395235139e+03
2.262934199075324614e+03
1.666680487372491598e+03
2.770243268447143237e+03
1.514515591665832517e+03
2.827754460006367026e+03
1.101098227250555738e+03
2.481641107685364659e+03
2.274087127662640341e+03
2.345097945226876618e+03
3.121941894109250370e+03
1.688666106159967512e+03
7.038218409819439785e+02
2.168912607573047808e+03
