2.554760042648140825e+03 2.308334617619200799e+03
2.578942009202330610e+02 4.615857765206221757e+02
1.203939230354194933e+03 1.229443569518850836e+03
3.025727731458338894e+03 2.520946752555717921e+03
2.756804328068536961e+03 7.780246365952594942e+02
1.106130157645908866e+03 7.974906331122795109e+02
1.942643268026107762e+03 2.051519863805946443e+03
3.945219597266348046e+02 2.258808373333432883e+03
9.385494533313709553e+01 3.128169639963020472e+03
9.795933864598534058e+01 8.219019181172357094e+02
1.353389921091385759e+03 2.366153401032740476e+03
2.687549417880353303e+03 1.241788799364561697e+02
2.111308581334489190e+03 2.221616191775968673e+03
2.474841892083031325e+03 2.188799088172245774e+03
2.771107515917473847e+03 7.897682762612593024e+02
1.773676698805275919e+03 1.428196708384394242e+03
1.967884847842361296e+03 1.497370637271790883e+03
2.104499720509588769e+03 8.352413619924941486e+02
2.725792408635674292e+03 1.094412799315734901e+03
3.153000624442995559e+03 1.107658966950366164e+02
2.106109633364694957e+02 1.552790065316334221e+03
6.678488686446698921e+02 3.094799935982244278e+03
1.105627782843126852e+03 8.890254826594980386e+02
1.211165892692591115e+03 6.257035430413361610e+02
