6.522256666473858786e+02 1.379341159039139711e+03
1.538952806446426166e+03 2.513390471953716769e+03
2.512122415494471625e+03 2.088674025350084321e+03
3.036775126323737823e+03 1.433399619730100767e+03
9.140453555735039117e+02 1.393053414527012137e+03
1.566675959453671794e+03 5.798242644803415260e+02
2.648378154729640755e+03 2.143134923601654009e+03
1.074207415359976267e+03 2.692286902608638229e+03
2.925185366503322712e+03 8.863690920326995411e+02
8.283858007490298405e+02 3.237821040931889343e+02
9.760423567133726692e+02 8.214258031254547632e+02
2.676204285658591743e+03 1.024820084903703673e+03
7.124403713009008925e+02 5.983602745111618333e+02
3.101227206994238713e+03 1.037793937149438307e+03
1.280198608780772702e+03 1.772977349177457199e+03
1.105771256958966887e+03 5.299471616823054774e+02
5.461160741566488497e+01 1.344402661171674254e+03
8.901370078345903494e+02 1.384802115518930805e+03
1.100231443421176209e+03 2.400842384126593061e+03
2.952601082526874961e+03 2.785109399123641438e+01
5.389543960391066548e+02 1.131158465248795892e+03
3.095303443737452199e+03 1.952612719126237607e+03
1.196292118426800243e+03 1.607231022730336235e+03
3.356458981456447077e+01 4.454717955508862701e+02
9.492288801877782589e+02 2.836912964104506955e+03
6.062083372808159538e+02 2.856448610668157926e+03
1.900409154039989062e+03 9.333810339237008975e+02
1.318949680094876612e+03 2.611498059519619346e+03
4.234746170522150237e+02 1.382155283100453289e+03
