1.379341159039139711e+03
2.513390471953716769e+03
2.088674025350084321e+03
1.433399619730100767e+03
1.393053414527012137e+03
5.798242644803415260e+02
2.143134923601654009e+03
2.692286902608638229e+03
8.863690920326995411e+02
3.237821040931889343e+02
8.214258031254547632e+02
1.024820084903703673e+03
5.983602745111618333e+02
1.037793937149438307e+03
1.772977349177457199e+03
5.299471616823054774e+02
1.344402661171674254e+03
1.384802115518930805e+03
2.400842384126593061e+03
2.785109399123641438e+01
1.131158465248795892e+03
1.952612719126237607e+03
1.607231022730336235e+03
4.454717955508862701e+02
2.836912964104506955e+03
2.856448610668157926e+03
9.333810339237008975e+02
2.611498059519619346e+03
1.382155283100453289e+03
