2.308334617619200799e+03
4.615857765206221757e+02
1.229443569518850836e+03
2.520946752555717921e+03
7.780246365952594942e+02
7.974906331122795109e+02
2.051519863805946443e+03
2.258808373333432883e+03
3.128169639963020472e+03
8.219019181172357094e+02
2.366153401032740476e+03
1.241788799364561697e+02
2.221616191775968673e+03
2.188799088172245774e+03
7.897682762612593024e+02
1.428196708384394242e+03
1.497370637271790883e+03
8.352413619924941486e+02
1.094412799315734901e+03
1.107658966950366164e+02
1.552790065316334221e+03
3.094799935982244278e+03
8.890254826594980386e+02
6.257035430413361610e+02
