6.522256666473858786e+02
1.538952806446426166e+03
2.512122415494471625e+03
3.036775126323737823e+03
9.140453555735039117e+02
1.566675959453671794e+03
2.648378154729640755e+03
1.074207415359976267e+03
2.925185366503322712e+03
8.283858007490298405e+02
9.760423567133726692e+02
2.676204285658591743e+03
7.124403713009008925e+02
3.101227206994238713e+03
1.280198608780772702e+03
1.105771256958966887e+03
5.461160741566488497e+01
8.901370078345903494e+02
1.100231443421176209e+03
2.952601082526874961e+03
5.389543960391066548e+02
3.095303443737452199e+03
1.196292118426800243e+03
3.356458981456447077e+01
9.492288801877782589e+02
6.062083372808159538e+02
1.900409154039989062e+03
1.318949680094876612e+03
4.234746170522150237e+02
