2.554760042648140825e+03
2.578942009202330610e+02
1.203939230354194933e+03
3.025727731458338894e+03
2.756804328068536961e+03
1.106130157645908866e+03
1.942643268026107762e+03
3.945219597266348046e+02
9.385494533313709553e+01
9.795933864598534058e+01
1.353389921091385759e+03
2.687549417880353303e+03
2.111308581334489190e+03
2.474841892083031325e+03
2.771107515917473847e+03
1.773676698805275919e+03
1.967884847842361296e+03
2.104499720509588769e+03
2.725792408635674292e+03
3.153000624442995559e+03
2.106109633364694957e+02
6.678488686446698921e+02
1.105627782843126852e+03
1.211165892692591115e+03
